2000
788765 1680375
1566198 1596880
395102 1823294
670445 1536459
555549 1107939
954794 1257741
729568 1026801
1832390 1904459
1271423 1434593
283205 1213937
32601 485773
274463 1608353
313358 801888
217617 259580
436513 1997849
1025864 1678224
592063 1225279
1048574 1275104
987165 1945550
585033 1542715
1053489 1539827
800457 1783058
566629 704916
1615449 1838052
139510 1898654
172111 1051990
384427 1326453
697785 1780465
40046 128342
126191 915403
476559 1941268
1701839 1804416
533331 1079520
750413 1520497
1025070 1335447
78560 1063212
875275 1863670
1441904 1861619
568586 1477068
708097 1279957
331948 1375722
880209 1760150
660674 1658402
457936 1786744
700720 1373339
1177280 1912936
1314608 1717352
879119 1847939
796873 1629533
1368437 1821944
431649 964981
1840256 1900504
295320 1762124
863906 1282161
562118 1239192
614915 1572004
452213 894067
375066 552469
833002 1112887
339214 1813607
206342 252150
990888 1520950
1870007 1969503
766376 1368890
737327 1499541
464523 588320
488825 1168977
304779 1464297
250949 1586940
328203 1490142
149059 1900208
105058 1043126
352421 480124
1465308 1595596
1313127 1934810
1278916 1519469
186960 269804
156464 1040420
139812 409310
922840 1639354
1146637 1511161
103877 315614
408657 1999987
250936 1779911
108115 1995597
144657 1741079
8323 1846138
360744 1187784
326262 783380
1639390 1826053
718190 1104970
905151 1158859
199280 1374774
1061615 1514587
608590 1984456
1153942 1755227
1257819 1495618
70841 1495605
1666477 1850753
1662075 1746542
1487622 1958868
1806732 1967191
994517 1333760
327936 1660023
153989 1777897
496088 1299413
458273 1258959
633734 1401239
462855 657554
148321 1266144
447312 1302264
1021371 1942931
560084 1092213
226561 1438537
942966 1185079
901835 1888636
672702 1695368
6462 869026
689885 1196962
467783 1666486
965900 1350951
609911 963871
365111 1424174
81728 1243645
827967 1391967
1275280 1347872
369244 694231
1218211 1254315
656748 1461458
404425 1480876
1369513 1841828
514530 1306260
175287 1064881
520993 1754767
187480 1372249
222551 723201
1153381 1186422
577555 1333113
576758 1551534
379501 659284
7157 1968726
662958 1654782
376402 872993
1837860 1917273
1398150 1529742
242286 1371571
767663 1548546
1832545 1886102
407096 1723834
1096084 1587313
594576 1809864
1747957 1819285
996287 1152399
325513 547822
984797 1729157
927324 1697884
582106 991954
360842 1368356
278116 1455100
984843 1206217
1448503 1676267
356415 443931
242517 997050
276476 720885
649613 1863790
1244190 1816969
1636255 1673655
669943 992148
788654 1317662
517812 1217765
145090 302459
215696 1294414
576539 727196
182297 662771
854655 1868989
530922 1167140
1317493 1523555
314544 974853
1251330 1766073
415687 1035429
852398 1115121
788776 1659878
488653 652026
1277308 1458720
676485 1969689
272149 1795120
10817 821575
1548772 1566563
229335 587356
1442011 1731069
98324 898210
1415818 1972934
421765 947787
187839 1730362
199118 765791
603526 1314239
263404 1618190
103016 106844
915431 1561736
885120 1384152
238222 1179273
1059798 1157269
723833 1190090
608570 1777446
339640 953169
1051494 1219458
1192392 1237850
467312 1659616
140180 197674
339299 1847455
450981 963466
581657 1653538
714386 1756555
688501 1629817
72654 1318292
514937 1556514
1251928 1672207
442018 616313
396041 1224884
219465 1349210
1438923 1564524
400704 802375
631316 868017
461991 771496
309447 1065691
29158 1110795
760429 764334
610816 1474815
520889 1299317
1104632 1839181
1371972 1619570
623900 1395696
12009 1291778
1065919 1687819
1236893 1285385
801418 1037029
724308 1437734
1355624 1603793
65785 305751
127121 1371443
375232 1237916
1135662 1400602
2250 11418
523140 610477
1310736 1715110
362322 682708
1334681 1758018
626459 1306609
372529 1770028
314278 1006921
1351308 1657914
382223 1808340
789042 1412133
1094794 1737847
1477918 1864969
466237 1853151
1102885 1866840
988813 1105136
1599291 1878258
1188994 1628277
1314401 1990599
649082 1871703
1178313 1748618
1275541 1518647
1550842 1589820
525569 1208757
333909 941128
1590980 1730171
1328828 1746042
824965 1223961
1193798 1291202
296683 1077113
65926 1158043
1036301 1401820
1030098 1665218
225295 979620
96999 1020698
769316 1628702
904244 1275312
287963 826155
494065 813533
34913 1435193
1147442 1625894
893485 1165364
954722 1990329
117446 148520
1194559 1281532
439575 445204
1260486 1847025
925704 1475877
877123 1701172
1897821 1905324
1534027 1798172
667138 1073484
438272 955102
932337 1899640
1768635 1934553
367530 916077
1532895 1560447
515170 1809563
1523224 1927009
663691 804757
1108896 1121569
382055 1244333
720210 955921
1307759 1833045
421383 1213084
219555 1730867
398005 747111
1185383 1293040
1192681 1353107
117720 1121743
485251 1127234
37821 687682
18146 1847384
1202853 1541371
1774394 1866545
346129 895963
975441 1590462
1278018 1931363
310672 585778
732055 1764408
1495275 1798862
545974 951611
244651 1893280
1246388 1731358
1437332 1849079
368132 564567
334330 405953
352477 1252250
253338 455103
27732 1893849
239978 321648
923695 1297090
201713 1830441
141113 1228453
787492 992861
586354 873169
488137 1824781
381418 1132328
69432 863687
1506765 1627807
712766 1995939
71332 1047096
401893 1323583
655232 1399574
1293423 1778686
100335 682964
1533402 1606660
1363843 1397426
625879 1808374
595866 1504957
378127 1618741
106878 1182221
202908 314550
272341 488297
116104 1178237
1779106 1891003
112044 1850439
513938 938100
337674 1174022
952709 1169170
1631097 1852135
1053045 1164500
450471 1458795
528343 1267169
33301 1076350
695091 1863036
411428 1045257
614336 801970
1290267 1359807
538044 886677
665784 1406372
429047 1518416
516223 1367147
32354 1690245
1201525 1704822
642955 1335920
1053660 1696000
500420 512455
146471 1028764
1222821 1779625
1062065 1642661
1473493 1917913
687918 719884
47726 87830
10152 974508
585771 1416524
1014819 1640292
156515 934941
381967 967296
86789 1846761
168821 489716
1222482 1422709
185716 1923130
332188 1734938
951894 1514563
13960 1555009
1157225 1472923
1487454 1845144
192808 1575284
202960 1892870
478641 549793
190085 1619485
554427 1493460
346601 1875427
193362 1521723
1690545 1962217
683079 1384926
868796 913028
647966 1308057
259951 1200984
162530 755994
273912 1319755
228918 1761366
421726 1164899
1057769 1336651
624686 1886444
244172 1536411
76529 1029871
423130 798599
320323 905299
616493 867516
10869 1299573
252443 923898
168369 1560501
1369353 1571864
1734394 1820453
94365 125347
354265 1054149
219049 1855731
775992 1192382
1276818 1400679
813230 1078826
1155356 1644851
443451 1843102
748401 1578487
194981 763775
774645 1615918
1494554 1868362
1662923 1698543
1270407 1428863
1032277 1249316
1004802 1157625
58952 1343681
1199413 1511890
278001 287883
391795 1554820
1470622 1688562
368050 1333414
211152 625979
204466 1776865
540641 959554
399447 575472
1315286 1894001
443835 1013829
1556925 1872698
284237 589202
1122014 1289039
465696 1746827
1258718 1347992
1625993 1665109
56905 1546601
1180814 1235164
1527527 1548864
153506 568578
345444 1760017
357973 719571
757420 886085
201371 1295044
651422 1738879
208348 1215200
1499437 1611577
733592 797550
544378 788477
136469 1199288
864398 1803097
1349699 1762463
921303 943277
448830 584863
492142 1153442
252159 602337
960311 1498886
384971 971731
266776 1717731
369154 586342
5655 1801543
577503 1617233
1300981 1375054
89458 350826
1550115 1919432
225928 1722530
414513 1988391
1072229 1335816
931669 1657092
1423811 1784647
386985 810534
309421 1675971
647703 1347296
694392 1065028
914479 1280735
920134 1434183
11686 1082279
383260 537368
888194 1386740
472719 1306173
438309 698648
852823 1028703
100932 687040
188639 1618709
1758025 1973287
568559 1042521
360272 718493
877980 1707569
1366196 1572373
280675 772597
206780 853109
1200810 1935388
218466 1738179
318648 1605207
626374 791368
911380 1064683
1490016 1940084
177056 1917506
41016 106146
1795766 1799041
79434 838287
367601 439706
1245582 1556781
147275 922977
817956 919873
1203653 1671065
404464 1126653
1345120 1606453
142644 1925102
769018 950327
716470 1861708
206487 1833701
1751208 1801792
383543 1842809
179309 1857355
1641851 1936789
9453 1017597
376496 574378
523771 1255035
72991 1497356
701010 1443644
570298 1744056
1105475 1350510
1248119 1915418
865746 1275612
17137 1992083
727454 1850839
198570 529247
582113 1602047
372057 1459403
13908 761423
1396192 1779021
23361 1772688
353400 1278397
296460 1850757
1351388 1740105
551767 1095445
310403 1657243
225822 445955
905362 1721568
922499 1091568
1713651 1819023
773338 1912221
348271 375386
494335 720328
1255759 1834789
734236 1230982
757598 1034781
1003670 1388182
35995 1300131
1238939 1387384
1040236 1790707
482829 1350640
928785 1447950
353312 1576462
650354 668031
364005 1275812
49150 487055
276227 835326
424537 770563
259326 1555655
26322 289892
1061104 1490308
493979 1047490
449286 1083486
1688226 1794110
470870 834347
953700 1478933
184987 926884
1761450 1882485
532839 1280196
429481 556009
896845 916537
605160 1173073
1029697 1751863
1307519 1943636
1289024 1969959
779333 1597411
644902 1031063
1273312 1480350
1067423 1728388
199258 1168576
647509 1901770
86758 1152958
1035444 1574393
854590 1848208
277689 1568284
465130 1410599
15760 1194227
946090 1638203
1045457 1581839
253610 334482
1551798 1851022
582862 1113815
387128 495924
63212 224313
1231788 1454551
423571 1356321
1576530 1879298
1443080 1453692
611974 1291288
180259 308282
1568978 1718882
645389 763205
283592 1734642
780100 1709296
1865432 1962906
1114582 1417231
228398 1813928
93 309853
63306 615526
70077 534166
957738 1295095
1174394 1426399
534268 869479
628086 1146243
160768 936369
1326503 1729746
655252 1971892
389895 492951
202247 255485
120917 1169995
165153 284578
1538148 1979082
512977 1538242
288935 1128503
823102 1601549
896644 1198581
624981 1780840
71038 315109
699124 1494461
1461353 1655229
787856 1635494
290746 1384975
759748 1877926
680641 1015234
80174 1850636
245328 1136152
135215 674300
224410 648192
212543 513346
1776696 1814092
975277 1336448
710737 1117289
781776 1600258
1094719 1432398
893752 1480900
749949 1116395
134924 1681608
441357 1407141
12851 87782
93025 1456591
592743 1938419
73635 338353
562764 1267044
721827 1479588
498524 1076110
412559 1293680
4418 1473801
1074060 1529849
786194 962248
168780 267095
918729 1856000
1383490 1537608
790632 1053653
1066505 1978965
878414 1435556
816834 1159530
28300 1497883
890469 1295344
60648 1612297
774932 1136758
68613 110821
1549318 1584622
73032 1079167
658683 859226
41416 827463
1126322 1897416
509812 1746193
799847 1435024
1300444 1413990
178859 1866352
849547 1025882
877847 995693
523766 1886162
173192 584414
948125 1498460
1609281 1721173
1016738 1270492
1089770 1193904
349660 1852587
391076 1948997
680051 1075319
288492 426244
1585132 1723517
885577 1226091
1092443 1137507
1064436 1987055
60130 118326
642093 864903
1038095 1946293
1226508 1444753
947681 1986220
1002959 1054034
218173 247938
92730 567834
41727 100526
780577 958910
1117047 1247402
702179 1206822
432913 970920
108428 1587757
652193 1525357
95483 1643684
712323 960386
285777 658617
1512285 1998482
103370 1984703
459967 1157404
678141 987662
1080393 1405343
1245975 1505870
204885 1122120
239168 286448
1452288 1493270
423208 941348
529105 1926184
531636 1451541
627120 1181298
1095225 1893622
1381003 1587506
552239 1585989
655610 893289
1353256 1570692
558355 1813015
31398 1218358
1277374 1638748
724229 760868
1010677 1482259
934548 1000037
503948 1941385
430132 1357756
470490 1889393
1651789 1881674
516513 976899
104020 1545411
97651 357903
1251192 1690009
753261 1260702
566276 604449
635848 1819057
1457805 1784635
508864 1913222
218674 1395482
1218711 1519542
23490 330030
1160096 1687787
453622 1630587
335296 1577180
93694 1282376
827788 1312196
197715 1670100
925439 1887725
921292 1678701
1148427 1525742
244978 967484
29613 161590
74812 425290
538478 643964
58021 1470294
1800325 1862675
81511 1022772
535134 1488112
653359 1065293
870431 1935736
182628 1158987
763524 1356702
1688964 1852728
774021 1244428
392855 1367665
299764 1612643
461354 1360340
1642257 1785630
180736 536167
6462 429594
238757 292270
320269 1806787
1294899 1315043
855404 1968403
360192 1725835
1519180 1904139
667663 1908464
875883 1761192
120311 356627
535214 1724293
513166 834978
1336937 1873507
979194 1296333
1659137 1832500
88732 1159930
1398688 1838962
381002 1645750
1696046 1718957
574361 940649
1300842 1664449
300197 1568589
208661 820022
236252 1695905
592880 1969854
505069 1816217
317174 329384
1340048 1654111
202891 636381
633305 1862028
468882 1793236
307845 1950760
331763 1191925
910883 1953595
27809 894245
1485245 1692259
195087 1785442
1015110 1260848
1497101 1994104
711015 1963959
89982 527233
407156 469028
856617 1809077
61267 1059508
445458 694573
914341 921536
487810 872297
1222186 1679735
1175782 1204060
590618 1231870
70027 75863
265115 924130
184978 1861306
1280225 1855411
1682079 1991240
1772061 1819371
288399 518473
179218 1375091
97477 240485
434599 542935
935058 1356135
1422868 1457276
228432 679463
1102604 1432493
1693222 1855246
664364 1925273
1588494 1769086
190388 1630393
1470614 1773472
1455552 1485805
1305176 1461855
1227614 1980329
1406832 1593576
1355420 1691053
1647317 1790019
233989 582376
1146154 1691266
5245 1374587
370729 1107849
225975 807081
801072 1471445
151249 570159
341638 1059939
200552 833412
1686358 1812252
288964 1274107
991534 1516579
585110 1254437
609857 923411
276163 570729
399876 510152
1153105 1546031
201418 1158351
572148 920618
266200 1727700
798124 1067272
949374 1199145
259084 1637431
1291012 1837984
1092496 1103265
1381461 1524342
377373 515877
898040 1631810
1100987 1821452
241667 1377151
392181 641544
1545287 1887304
88723 187575
703638 1108194
660872 969838
835894 1458997
35039 37111
408371 1674543
294124 1699384
1386621 1512528
802650 1036871
768082 1180023
1552748 1666123
653736 811834
1053502 1487575
30887 1879757
1695046 1918192
1425044 1882621
6916 128683
667788 990815
1098522 1826710
126785 1135633
535156 1861749
155874 810177
234541 322705
1037191 1542495
310577 1359576
217215 912324
1029049 1976701
1464276 1566060
82552 1596948
1344033 1777598
769078 1515141
1522057 1660220
651036 897761
189845 1996283
316631 477746
339496 1131917
851788 1942094
495370 1086329
37865 264800
123521 1624377
340736 348443
325144 536702
102763 1369786
1452338 1789421
1133455 1699711
1214853 1229936
890157 1902533
736910 800295
926756 1541193
18940 796579
1243387 1928496
95176 358436
853807 1870591
135392 1181506
891672 1305027
1240116 1759769
296471 1645763
1015549 1565261
399234 1354683
98946 467887
488138 1697824
390672 1313799
50709 587981
129175 1190968
977466 1987547
148115 220854
506552 1916044
316030 1786636
1360359 1497536
252032 1922028
802563 1681797
448327 1492149
1057410 1978268
377503 1463876
412094 1931764
476449 900233
1629588 1790249
217570 1290906
481874 1840958
346745 818425
469422 494861
385467 1039279
1001413 1355309
172103 361772
94131 852846
613804 1655410
105953 1775929
103737 1754197
1163364 1567614
131701 1575458
608150 1499379
475691 1128968
398399 1766597
239358 1346538
248472 1693284
717895 1057784
97063 188145
1103362 1189558
1275465 1452373
305219 1551330
165135 1369597
1145526 1960630
64367 271089
899723 1434453
1031425 1631982
1009912 1131361
1485603 1639575
37975 260330
1252201 1606868
277334 1500674
1300153 1335118
218569 1488298
1321931 1432182
677857 884555
229187 597396
1189775 1966993
394323 1150405
665412 1112520
12243 1214773
99865 846755
1043668 1109777
683244 1978117
238447 595381
721220 1847583
998555 1845316
1145469 1348257
333674 1566826
633768 1765856
888758 1311625
650412 1486155
1540813 1840187
1453149 1935136
565669 990593
205366 600549
577913 700414
1052122 1621582
1030240 1810192
304826 405574
1026047 1268688
253157 1114004
24602 1601415
259474 358276
893243 1168242
57000 124133
204868 774545
1543156 1745682
614732 996305
1605326 1680818
281368 1561974
139887 1810692
862814 981782
791975 1761469
66296 1893054
1161743 1197550
1092343 1450708
275747 1116946
535222 1052123
220366 1475222
1428465 1599355
277367 1633334
373901 1820523
988634 1379017
816828 1059836
378802 593960
404652 1341204
322987 518690
280159 1267467
1114962 1160522
312513 346456
322265 1438799
598013 1763221
555745 815345
30968 1133236
561702 1035711
1313079 1630324
4226 195036
1133602 1574054
992860 1950430
633890 1586820
329233 1975094
847923 1991473
298081 1258941
1128083 1413044
419463 1474539
741729 1725557
913339 1488779
1339742 1469085
304124 472979
1339836 1500054
1034681 1130378
652915 1229718
1134604 1786517
127465 803772
1437662 1736948
66181 1714285
1412756 1705759
914104 1710837
42188 964700
1123881 1384164
849439 1516727
125893 430066
338218 1465636
642343 1899152
1399206 1938615
973296 1982179
529585 635095
203014 1664190
421612 1006787
158561 1791655
444449 1505941
224742 1857205
1138847 1211700
176401 1568043
691925 1181035
697762 1560565
1541364 1686459
1127829 1879582
1026981 1152095
521925 1090711
426187 504105
64008 955773
267023 1139200
619963 1560813
411618 1273810
1718259 1719374
1917559 1944117
1129260 1575465
1082964 1143509
263999 1305661
866227 1835434
961762 1376798
89591 552687
1256381 1704782
1116573 1778307
795494 1542761
282413 859502
498534 1421613
1118497 1126525
400335 982427
701802 1530116
118595 1447675
645919 1694061
576936 1728883
837570 1882598
673004 1992883
748826 954645
49803 1301513
1044237 1306185
160810 1006296
1084493 1801790
1366906 1703572
202107 661293
788520 1787818
1320604 1770947
188154 850721
306750 472749
298397 1118669
811 875333
838381 847553
757932 840436
1506758 1511385
1561189 1795081
808271 839319
867374 1814567
1000130 1951868
703702 1616358
277651 1318774
107294 905809
65470 226414
253624 1878242
350992 1077135
560375 1375532
561186 1469661
250866 317214
1008798 1399567
910953 1157650
515556 952732
472142 1323828
1339517 1792051
792181 1138396
754754 1291385
610160 1495884
401693 1032405
717454 1097876
595697 628108
1351500 1705244
946689 1911875
416350 1080777
473062 1331643
733565 1872629
340442 1891216
783583 855998
843949 1255726
179827 636000
595243 1318223
1428182 1886629
72977 924066
496790 1105383
1214244 1325760
203259 1953869
1554760 1809941
756631 1659113
739891 1466636
1172982 1939698
71534 1906547
411977 1812328
595911 1797764
641713 1267976
1447803 1851637
446881 1277714
705896 766026
333510 839004
830300 1629963
955724 1944387
44545 147647
909593 1854487
568707 1702407
611119 1169044
1308598 1784101
1108742 1380133
921070 1690649
1488413 1792110
1060086 1516981
130127 1368619
507890 1407841
1273917 1815500
113738 149010
112921 1743701
57309 979311
699425 1023857
204957 1609019
878345 1907365
177727 1489464
1076409 1486325
185152 1273565
866459 964214
658570 1106222
452628 623204
582755 1718657
226547 1991823
1807323 1990596
104334 1500464
1613386 1956334
935646 1848036
547462 1670695
1875652 1959503
156481 837849
334208 1783017
327313 859427
1600879 1820534
686994 1044579
150802 565094
1017722 1345564
774006 1064221
765830 1600477
1290769 1591074
573154 791233
529489 1695409
404619 1543445
75315 1465135
90908 1424639
247389 1950968
262488 1733986
581598 589802
402133 593413
190681 1637992
755775 1089127
434692 1788794
562801 1773498
1373976 1498914
789683 1328632
965050 1901786
660460 1580916
431276 1985536
203906 1896411
60852 294814
11820 1321051
542204 1583540
1123803 1745806
173342 339220
364024 1525936
615064 1977212
1119800 1766007
893298 1049756
328809 548670
267274 1657442
1232325 1338353
919270 1559229
1892785 1990505
96692 904807
965659 1886917
391506 1207968
933710 977480
723287 791508
57513 964851
1062507 1583450
1039720 1328876
198515 448676
805728 1248271
1134538 1341974
1609249 1796942
791980 1135296
351209 841574
54567 734360
341714 959375
228631 831052
1222558 1925035
902515 1436600
156269 228108
213783 1625803
688311 1192960
521836 1797234
1728031 1995749
533760 970513
312487 1244021
1040963 1668298
460278 1921736
176260 763311
230827 811487
1153202 1497671
328723 1190203
1115238 1381833
818433 1551282
17754 1707551
1046542 1643557
239503 1921335
331868 1718569
59900 761340
1714318 1731853
593660 958339
44340 261958
1966077 1999303
175563 722237
729389 1533724
227060 406391
686927 1596594
68760 555784
107067 711832
729586 887194
1814619 1933736
373144 1735954
173239 705012
934580 1454524
764913 1168842
666433 1358573
127182 710774
126485 1620532
342769 676852
302049 1406241
708441 1876494
563421 1633302
189086 305035
632182 1016868
296153 1519376
110773 1746455
119599 1453113
1626353 1846727
824612 1301251
560933 1589525
470094 1227366
597277 948099
568632 1938140
614992 723762
911401 1025812
21234 787896
1654536 1734253
39289 1351318
1843623 1983501
139777 1056157
802612 1502878
250550 955991
97277 922212
582345 1746824
1143278 1398529
1336350 1868624
284450 370645
308786 465901
853082 1189664
923779 1764484
215476 945014
552380 1949730
599550 1903699
443173 1989019
1045176 1887201
582950 1390079
833500 1847789
346071 770001
928416 930778
329308 516826
71695 1853177
197932 442341
137627 663833
751128 990709
1674907 1853498
68974 755193
619921 1307574
18704 1219472
7723 1211273
1098475 1662645
245596 1052900
488554 900689
834625 1079097
9875 1670691
187517 1763041
339184 1834737
40694 537116
178321 277078
1028206 1200950
1054448 1169031
703114 1924224
1123423 1323036
1142128 1231798
443072 542508
205154 1149852
202753 1541547
30102 450750
1103442 1529847
774134 864727
627769 1539723
961652 1878907
462506 1002347
416024 739585
1180668 1616975
349700 1767791
470906 671424
273924 1794848
1505722 1793942
336450 936976
86829 1948795
541605 1490343
289582 992355
1393025 1520445
385172 522203
61926 167159
1012942 1128811
1475449 1940834
131158 356859
215034 1311827
1973835 1982826
645259 1661527
453732 1935451
247675 440107
1377084 1441174
584126 1389970
1125731 1463913
880313 1753496
118086 400758
640290 1146521
785930 1313680
702217 1798873
442492 643051
573650 1274322
999911 1489356
973746 1885478
1472183 1547005
1619006 1925915
59114 1482457
173590 923632
757717 1436198
313602 900112
1193915 1883448
1535 653608
1594674 1800130
380605 641825
1113810 1344042
179478 1556303
1453800 1987094
129953 987006
15432 943157
415340 1960752
1562437 1579758
341255 1044895
514846 1638873
1075071 1968528
282130 1272564
1156012 1975184
628793 1476046
1070720 1157547
428923 1799373
1451326 1542734
1143416 1630804
1099037 1130511
1084605 1228991
27762 117517
78270 1244423
443102 806861
784358 1658029
1296902 1851756
1299205 1820284
371973 571769
102415 347158
1578461 1727781
885329 975951
649182 1404874
100508 684703
947609 1828119
46646 1731313
815918 958630
1076148 1275637
520060 843680
1154418 1286782
812447 1326921
71141 1178678
109349 1370346
481323 998962
1101378 1942115
828481 1669897
679840 1804433
555227 1329022
1209307 1239930
156916 1429531
1068050 1160844
26681 203563
1479200 1976763
820443 1102829
257247 1999260
107226 1326182
178367 1069695
504860 1179044
1503823 1548714
1490830 1660367
488849 605201
1160727 1285042
293282 1715955
614064 1502590
43596 955886
23936 1659507
1204441 1863070
50617 1181204
1153447 1342270
1648 1341531
108874 1410694
480389 667714
287242 1172575
1659434 1835957
676398 1319802
1281600 1326787
487515 1808651
101933 566642
203470 1180707
1159356 1604523
1224304 1264030
428745 1183293
1127100 1233910
469371 1609950
387357 1611598
1798052 1810903
478617 1720473
7716 278442
1651192 1937877
327591 1843673
1170460 1257679
1066330 1609191
175834 1657976
1168263 1861446
772787 1356541
580846 1020803
36818 204096
1009591 1163919
619542 1438007
1633290 1825365
231141 1444194
1623417 1951614
1901860 1922812
1574005 1959331
1803005 1839737
1097416 1901596
973466 1510788
163746 631442
1332010 1686623
492889 1043165
104798 1513692
141616 1624011
633603 1717789
1155796 1305535
938826 1253145
981161 1484286
383021 604579
305833 1435901
506439 1395232
346177 1879839
1198238 1781436
171704 1443593
1292225 1607340
803146 978848
939351 1296035
22013 1044149
809728 1646025
527517 1185766
279628 491302
1532773 1683314
664476 1430129
1017059 1813150
452961 1269055
118984 1775495
1848194 1998824
121672 1046432
1565266 1780260
1072485 1218136
21283 1172606
51333 111958
73347 1317318
127047 1156108
341874 1719372
654564 1999000
337879 833177
263306 1531774
548834 1002355
76457 271410
195442 1001795
46906 849989
168578 194266
1896422 1974526
1114558 1733844
906451 1047011
1098345 1135841
453160 1018409
174517 1171692
580208 891065
516392 1234773
890066 1349569
421840 1572652
575007 1612876
970674 1689333
846418 1972470
893324 1884775
79042 822460
718882 1061903
53568 795748
1100580 1833440
969282 1702199
198925 720609
1370618 1422443
2651 895127
261684 1411519
1151750 1237424
761088 810076
373965 1573591
544266 1385084
63298 231503
516736 1948074
1124828 1339196
27116 186731
58079 80685
982480 1891519
684680 1181265
860802 1380191
283246 1405289
300416 750809
285897 1012494
1523321 1711935
164244 473024
333398 1737836
846990 1718483
282102 910289
798839 1949986
858363 1074814
138035 885480
196114 1261546
244026 966166
87634 147431
928706 948437
333995 1527622
278432 1231683
634412 1517580
346348 1290927
1040902 1455171
819373 1374301
1193008 1666363
1092785 1475110
576652 1042771
273949 1435016
117586 411985
320496 1379132
608100 1286662
695735 1623158
551865 1434094
961717 1644172
875856 885861
1240150 1520273
393437 531077
1434340 1866622
685995 1986249
808641 1179257
352358 1901427
654368 929010
928318 944198
364027 1061784
684523 1340303
440917 1948404
64076 1971186
644139 1405281
288312 615941
366999 1501803
1164168 1607149
1022077 1557605
138227 888699
124477 991945
1574694 1800587
1303735 1927053
1702014 1958103
646213 856064
886421 1220091
226725 1707998
148915 1904615
175129 1875801
212992 819269
828933 1281083
1107581 1648082
271749 330737
1255232 1352814
1393460 1829355
241513 821301
1517937 1816207
621888 821672
323903 1743261
599325 779775
970117 1666197
678115 1819416
1724031 1892922
68052 827031
1040023 1599833
880916 887321
1868956 1994902
199693 528999
266652 1784231
96008 1552507
1177691 1794021
695629 917309
1539198 1610229
1353490 1517301
297077 1863101
833218 1952815
1772231 1963274
1511333 1856197
338365 1496262
1096096 1924250
811572 1378388
1247344 1977012
506012 806475
1073127 1447038
290244 999546
1169135 1467936
86444 793567
163565 403797
1625642 1680866
1488744 1757287
1710102 1977944
321963 1941219
1482334 1833297
978596 1797417
171662 1721667
74693 1550050
51706 533239
797395 1339714
244433 557718
412842 847962
1243980 1581978
37548 315898
479464 1668423
441345 1294066
160331 198632
138275 782810
1104773 1908735
79494 1391069
938070 1876912
369666 1109732
444359 1598579
131819 659783
496065 1457178
1053784 1471534
1701612 1884376
945592 1901746
217645 1466355
983141 1134778
697109 1424487
428844 857440
1211654 1623119
995716 1531855
316428 1075211
922924 1254499
952123 1292590
364232 550703
1024015 1736950
233015 682523
154057 481193
182805 1286799
38434 1188546
1128398 1504789
111539 1406192
103301 639567
1068412 1536026
960742 1159146
280066 1956458
596495 691001
1031670 1613926
1850994 1983793
215226 906517
534497 643467
1217020 1239241
876483 1720434
163283 1371078
1409513 1903240
1031638 1351830
758022 914302
1143177 1553870
679204 861323
622282 1822066
902349 1838351
529352 1778524
810195 1498844
143279 1349838
793989 1049796
1328486 1565065
804306 1693264
545507 569747
524741 1916585
427981 733031
84861 1326098
240401 1459619
602797 842883
1704207 1794272
416555 1282001
1120352 1526273
1304798 1318904
817749 1649705
114993 1792985
167588 908982
842781 1732653
237469 536046
536960 782976
1061701 1105793
699562 1838825
25660 1489682
949302 1923686
266062 766569
60334 1552100
470776 834101
476889 1997050
1795794 1954454
1301848 1604160
613543 1416842
781131 1397145
239927 325824
513784 563293
775973 1050745
1346270 1881767
45832 112446
1602129 1720592
71492 1644278
337555 551432
103532 410848
397890 881625
874780 937634
878675 892089
180524 670574
496249 1284118
1597366 1893395
65250 1923191
133323 579035
486485 909297
1629780 1832755
791064 1742226
511657 1878587
1344355 1950079
155935 1895788
287635 566784
685525 1999320
936954 1448409
327085 1560305
230880 1829043
325293 507610
104976 1514998
218689 1580249
28168 352012
159284 514653
1261309 1789064
52374 347408
225995 1531290
564031 875646
176075 719967
463710 771434
770755 1286751
735161 1149236
709542 1707709
1062247 1536753
940422 1569857
455421 1862047
80736 1674834
35670 1703002
194955 432749
217656 1694059
565064 1984019
1515309 1746433
310465 791060
390956 967135
1030432 1162391
317184 1430846
580082 1933146
1052345 1640856
114593 1289624
230047 1177609
1039656 1684451
685469 1359285
721140 1120393
1062288 1553142
916095 1279945
900114 1247202
993635 1845009
415424 636069
806381 1304101
334533 1603205
1034051 1968772
651717 1901918
1614133 1704063
903758 1542774
720384 1818657
1133806 1503108
1760040 1819276
862394 880434
540417 1924683
433577 1456512
1204628 1680779
356627 1049638
674415 772052
1685708 1978516
1288913 1578433
313050 1547205
322964 964768
1449124 1937098
668831 991898
487489 840857
1712282 1974664
1472323 1990597
852991 1793940
334357 352757
777675 786335
1790870 1982303
147497 467114
1031942 1141529
717650 919550
497983 1120046
6563 1433096
45189 329528
397865 1494313
266627 1066696
486212 1107485
198494 1554185
1082149 1544783
876089 1670818
23576 397774
1175449 1210446
809911 1001317
1157753 1277025
189695 1148815
68365 418555
907345 1538602
566349 913909
611539 971699
1243438 1369564
105852 1510066
436261 592065
617551 1990446
790560 1699700
461378 1535230
575790 1933005
484954 1786237
1108455 1294866
266208 787554
571891 1936369
455904 990447
4735 1363250
529049 571085
277160 1500748
1182624 1520599
870313 1288477
1030665 1306574
1648217 1880542
671102 1297021
832251 1347917
1132481 1923708
765256 1617436
1709945 1873711
